date,home,away,result,played,boxscore
2026-04-01,COL,IND,5-1,1,
2026-04-01,DEN,OKL,3-2,1,
2026-04-01,NEW,CHA,2-3,1,
2026-04-01,PHI,JAC,7-1,1,
2026-04-01,SAN,DAL,2-3,1,
2026-04-01,SAN1,POR,3-4,1,
2026-04-01,SEA,MEM,7-0,1,
2026-04-02,COL,IND,6-1,1,
2026-04-02,DEN,OKL,5-8,1,
2026-04-02,NEW,CHA,4-3,1,
2026-04-02,PHI,JAC,5-1,1,
2026-04-02,SAN,DAL,0-8,1,
2026-04-02,SAN1,POR,1-4,1,
2026-04-02,SEA,MEM,4-3,1,
2026-04-03,COL,IND,5-1,1,
2026-04-03,DEN,OKL,2-4,1,
2026-04-03,NEW,CHA,3-1,1,
2026-04-03,PHI,JAC,3-1,1,
2026-04-03,SAN,DAL,4-3,1,
2026-04-03,SAN1,POR,3-2,1,
2026-04-03,SEA,MEM,8-3,1,
2026-04-04,COL,IND,9-7,1,
2026-04-04,DEN,OKL,2-4,1,
2026-04-04,NEW,CHA,3-4,1,
2026-04-04,PHI,JAC,6-2,1,
2026-04-04,SAN,DAL,0-2,1,
2026-04-04,SAN1,POR,3-4,1,
2026-04-04,SEA,MEM,11-3,1,
2026-04-06,DAL,COL,1-8,1,
2026-04-06,IND,CHA,2-3,1,
2026-04-06,JAC,SEA,8-3,1,
2026-04-06,MEM,SAN1,1-3,1,
2026-04-06,NEW,PHI,10-8,1,
2026-04-06,OKL,SAN,5-4,1,
2026-04-06,POR,DEN,6-4,1,
2026-04-07,DAL,COL,9-3,1,
2026-04-07,IND,CHA,0-6,1,
2026-04-07,JAC,SEA,3-2,1,
2026-04-07,MEM,SAN1,5-3,1,
2026-04-07,NEW,PHI,2-5,1,
2026-04-07,OKL,SAN,4-0,1,
2026-04-07,POR,DEN,4-11,1,
2026-04-08,DAL,COL,3-0,1,
2026-04-08,IND,CHA,4-5,1,
2026-04-08,JAC,SEA,1-4,1,
2026-04-08,MEM,SAN1,2-4,1,
2026-04-08,NEW,PHI,1-5,1,
2026-04-08,OKL,SAN,1-5,1,
2026-04-08,POR,DEN,1-4,1,
2026-04-10,CHA,IND,2-6,1,
2026-04-10,COL,DAL,6-4,1,
2026-04-10,DEN,POR,5-4,1,
2026-04-10,PHI,NEW,3-4,1,
2026-04-10,SAN,OKL,1-3,1,
2026-04-10,SAN1,MEM,6-5,1,
2026-04-10,SEA,JAC,7-6,1,
2026-04-11,CHA,IND,3-6,1,
2026-04-11,COL,DAL,2-10,1,
2026-04-11,DEN,POR,5-4,1,
2026-04-11,PHI,NEW,6-2,1,
2026-04-11,SAN,OKL,7-4,1,
2026-04-11,SAN1,MEM,3-5,1,
2026-04-11,SEA,JAC,7-3,1,
2026-04-12,CHA,IND,4-8,1,
2026-04-12,COL,DAL,5-3,1,
2026-04-12,DEN,POR,10-4,1,
2026-04-12,PHI,NEW,4-3,1,
2026-04-12,SAN,OKL,6-5,1,
2026-04-12,SAN1,MEM,4-5,1,
2026-04-12,SEA,JAC,3-8,1,
2026-04-13,CHA,IND,4-5,1,
2026-04-13,COL,DAL,4-3,1,
2026-04-13,DEN,POR,13-9,1,
2026-04-13,PHI,NEW,3-0,1,
2026-04-13,SAN,OKL,5-3,1,
2026-04-13,SAN1,MEM,5-1,1,
2026-04-13,SEA,JAC,6-3,1,
2026-04-15,DAL,CHA,5-2,1,
2026-04-15,IND,NEW,0-1,1,
2026-04-15,JAC,SAN1,6-9,1,
2026-04-15,MEM,DEN,5-10,1,
2026-04-15,OKL,COL,8-0,1,
2026-04-15,PHI,SEA,3-1,1,
2026-04-15,POR,SAN,9-7,1,
2026-04-16,DAL,CHA,0-3,1,
2026-04-16,IND,NEW,6-5,1,
2026-04-16,JAC,SAN1,3-5,1,
2026-04-16,MEM,DEN,6-4,1,
2026-04-16,OKL,COL,9-1,1,
2026-04-16,PHI,SEA,4-3,1,
2026-04-16,POR,SAN,2-5,1,
2026-04-17,DAL,CHA,1-3,1,
2026-04-17,IND,NEW,3-1,1,
2026-04-17,JAC,SAN1,0-6,1,
2026-04-17,MEM,DEN,4-1,1,
2026-04-17,OKL,COL,1-4,1,
2026-04-17,PHI,SEA,1-3,1,
2026-04-17,POR,SAN,2-4,1,
2026-04-19,CHA,DAL,7-1,1,
2026-04-19,COL,OKL,7-6,1,
2026-04-19,DEN,MEM,5-3,1,
2026-04-19,NEW,IND,8-9,1,
2026-04-19,SAN,POR,5-12,1,
2026-04-19,SAN1,JAC,0-7,1,
2026-04-19,SEA,PHI,1-4,1,
2026-04-20,CHA,DAL,1-3,1,
2026-04-20,COL,OKL,7-4,1,
2026-04-20,DEN,MEM,6-3,1,
2026-04-20,NEW,IND,1-4,1,
2026-04-20,SAN,POR,5-6,1,
2026-04-20,SAN1,JAC,4-5,1,
2026-04-20,SEA,PHI,0-3,1,
2026-04-21,CHA,DAL,1-9,1,
2026-04-21,COL,OKL,1-2,1,
2026-04-21,DEN,MEM,3-4,1,
2026-04-21,NEW,IND,7-1,1,
2026-04-21,SAN,POR,6-1,1,
2026-04-21,SAN1,JAC,2-4,1,
2026-04-21,SEA,PHI,8-7,1,
2026-04-22,CHA,DAL,1-3,1,
2026-04-22,COL,OKL,1-5,1,
2026-04-22,DEN,MEM,4-3,1,
2026-04-22,NEW,IND,5-3,1,
2026-04-22,SAN,POR,10-7,1,
2026-04-22,SAN1,JAC,3-1,1,
2026-04-22,SEA,PHI,10-1,1,
2026-04-24,DAL,IND,3-2,1,
2026-04-24,JAC,DEN,2-5,1,
2026-04-24,MEM,SAN,1-4,1,
2026-04-24,NEW,SEA,4-2,1,
2026-04-24,OKL,CHA,4-0,1,
2026-04-24,PHI,SAN1,3-4,1,
2026-04-24,POR,COL,6-5,1,
2026-04-25,DAL,IND,1-8,1,
2026-04-25,JAC,DEN,1-4,1,
2026-04-25,MEM,SAN,4-2,1,
2026-04-25,NEW,SEA,13-7,1,
2026-04-25,OKL,CHA,5-2,1,
2026-04-25,PHI,SAN1,3-0,1,
2026-04-25,POR,COL,3-17,1,
2026-04-26,DAL,IND,1-7,1,
2026-04-26,JAC,DEN,3-2,1,
2026-04-26,MEM,SAN,3-6,1,
2026-04-26,NEW,SEA,3-10,1,
2026-04-26,OKL,CHA,0-3,1,
2026-04-26,PHI,SAN1,3-2,1,
2026-04-26,POR,COL,3-0,1,
2026-04-28,CHA,OKL,4-2,1,
2026-04-28,COL,POR,6-3,1,
2026-04-28,DEN,JAC,3-4,1,
2026-04-28,IND,DAL,5-6,1,
2026-04-28,SAN,MEM,3-5,1,
2026-04-28,SAN1,PHI,4-8,1,
2026-04-28,SEA,NEW,5-2,1,
2026-04-29,CHA,OKL,11-6,1,
2026-04-29,COL,POR,10-2,1,
2026-04-29,DEN,JAC,7-9,1,
2026-04-29,IND,DAL,6-5,1,
2026-04-29,SAN,MEM,0-2,1,
2026-04-29,SAN1,PHI,0-7,1,
2026-04-29,SEA,NEW,2-4,1,
2026-04-30,CHA,OKL,4-2,1,
2026-04-30,COL,POR,9-6,1,
2026-04-30,DEN,JAC,2-0,1,
2026-04-30,IND,DAL,2-1,1,
2026-04-30,SAN,MEM,3-2,1,
2026-04-30,SAN1,PHI,8-1,1,
2026-04-30,SEA,NEW,2-8,1,
2026-05-01,CHA,OKL,5-4,1,
2026-05-01,COL,POR,1-3,1,
2026-05-01,DEN,JAC,2-5,1,
2026-05-01,IND,DAL,4-2,1,
2026-05-01,SAN,MEM,4-0,1,
2026-05-01,SAN1,PHI,0-6,1,
2026-05-01,SEA,NEW,0-3,1,
2026-05-03,DAL,NEW,5-3,1,
2026-05-03,JAC,SAN,1-5,1,
2026-05-03,MEM,COL,5-4,1,
2026-05-03,OKL,IND,4-3,1,
2026-05-03,PHI,DEN,2-0,1,
2026-05-03,POR,CHA,3-5,1,
2026-05-03,SEA,SAN1,5-4,1,
2026-05-04,DAL,NEW,3-2,1,
2026-05-04,JAC,SAN,3-5,1,
2026-05-04,MEM,COL,0-3,1,
2026-05-04,OKL,IND,1-6,1,
2026-05-04,PHI,DEN,9-7,1,
2026-05-04,POR,CHA,3-1,1,
2026-05-04,SEA,SAN1,1-2,1,
2026-05-05,DAL,NEW,2-0,1,
2026-05-05,JAC,SAN,1-5,1,
2026-05-05,MEM,COL,5-4,1,
2026-05-05,OKL,IND,1-12,1,
2026-05-05,PHI,DEN,3-2,1,
2026-05-05,POR,CHA,8-2,1,
2026-05-05,SEA,SAN1,1-5,1,
2026-05-07,CHA,POR,8-4,1,
2026-05-07,COL,MEM,9-1,1,
2026-05-07,DEN,PHI,6-3,1,
2026-05-07,IND,OKL,7-5,1,
2026-05-07,NEW,DAL,7-6,1,
2026-05-07,SAN,JAC,1-0,1,
2026-05-07,SAN1,SEA,3-2,1,
2026-05-08,CHA,POR,1-4,1,
2026-05-08,COL,MEM,1-2,1,
2026-05-08,DEN,PHI,0-8,1,
2026-05-08,IND,OKL,7-4,1,
2026-05-08,NEW,DAL,7-2,1,
2026-05-08,SAN,JAC,2-4,1,
2026-05-08,SAN1,SEA,5-2,1,
2026-05-09,CHA,POR,5-0,1,
2026-05-09,COL,MEM,5-1,1,
2026-05-09,DEN,PHI,3-1,1,
2026-05-09,IND,OKL,1-4,1,
2026-05-09,NEW,DAL,3-1,1,
2026-05-09,SAN,JAC,2-1,1,
2026-05-09,SAN1,SEA,1-2,1,
2026-05-10,CHA,POR,2-4,1,
2026-05-10,COL,MEM,4-5,1,
2026-05-10,DEN,PHI,1-5,1,
2026-05-10,IND,OKL,1-11,1,
2026-05-10,NEW,DAL,9-4,1,
2026-05-10,SAN,JAC,0-6,1,
2026-05-10,SAN1,SEA,1-4,1,
2026-05-12,JAC,COL,3-7,1,
2026-05-12,MEM,CHA,4-6,1,
2026-05-12,NEW,SAN1,10-6,1,
2026-05-12,OKL,DAL,5-4,1,
2026-05-12,PHI,SAN,5-3,1,
2026-05-12,POR,IND,0-3,1,
2026-05-12,SEA,DEN,2-5,1,
2026-05-13,JAC,COL,5-4,1,
2026-05-13,MEM,CHA,0-1,1,
2026-05-13,NEW,SAN1,3-6,1,
2026-05-13,OKL,DAL,1-5,1,
2026-05-13,PHI,SAN,2-0,1,
2026-05-13,POR,IND,2-1,1,
2026-05-13,SEA,DEN,4-2,1,
2026-05-14,JAC,COL,7-4,1,
2026-05-14,MEM,CHA,6-8,1,
2026-05-14,NEW,SAN1,1-2,1,
2026-05-14,OKL,DAL,10-9,1,
2026-05-14,PHI,SAN,4-5,1,
2026-05-14,POR,IND,1-3,1,
2026-05-14,SEA,DEN,3-4,1,
2026-05-16,CHA,MEM,1-2,1,
2026-05-16,COL,JAC,5-1,1,
2026-05-16,DAL,OKL,7-4,1,
2026-05-16,DEN,SEA,3-2,1,
2026-05-16,IND,POR,6-12,1,
2026-05-16,SAN,PHI,5-4,1,
2026-05-16,SAN1,NEW,2-1,1,
2026-05-17,CHA,MEM,5-3,1,
2026-05-17,COL,JAC,8-12,1,
2026-05-17,DAL,OKL,2-8,1,
2026-05-17,DEN,SEA,3-0,1,
2026-05-17,IND,POR,2-8,1,
2026-05-17,SAN,PHI,1-3,1,
2026-05-17,SAN1,NEW,6-2,1,
2026-05-18,CHA,MEM,1-0,1,
2026-05-18,COL,JAC,1-5,1,
2026-05-18,DAL,OKL,1-4,1,
2026-05-18,DEN,SEA,5-0,1,
2026-05-18,IND,POR,7-4,1,
2026-05-18,SAN,PHI,5-8,1,
2026-05-18,SAN1,NEW,3-7,1,
2026-05-19,CHA,MEM,2-4,1,
2026-05-19,COL,JAC,7-0,1,
2026-05-19,DAL,OKL,4-1,1,
2026-05-19,DEN,SEA,10-8,1,
2026-05-19,IND,POR,4-3,1,
2026-05-19,SAN,PHI,2-7,1,
2026-05-19,SAN1,NEW,1-3,1,
2026-05-21,JAC,CHA,4-2,1,
2026-05-21,MEM,IND,5-8,1,
2026-05-21,OKL,NEW,4-5,1,
2026-05-21,PHI,COL,2-4,1,
2026-05-21,POR,DAL,2-3,1,
2026-05-21,SAN1,DEN,3-7,1,
2026-05-21,SEA,SAN,9-2,1,
2026-05-22,JAC,CHA,1-3,1,
2026-05-22,MEM,IND,3-7,1,
2026-05-22,OKL,NEW,0-1,1,
2026-05-22,PHI,COL,1-3,1,
2026-05-22,POR,DAL,3-2,1,
2026-05-22,SAN1,DEN,2-3,1,
2026-05-22,SEA,SAN,2-8,1,
2026-05-23,JAC,CHA,4-6,1,
2026-05-23,MEM,IND,2-0,1,
2026-05-23,OKL,NEW,1-5,1,
2026-05-23,PHI,COL,2-3,1,
2026-05-23,POR,DAL,1-5,1,
2026-05-23,SAN1,DEN,3-5,1,
2026-05-23,SEA,SAN,6-4,1,
2026-05-25,CHA,JAC,2-8,1,
2026-05-25,COL,PHI,2-5,1,
2026-05-25,DAL,POR,3-4,1,
2026-05-25,DEN,SAN1,4-3,1,
2026-05-25,IND,MEM,0-7,1,
2026-05-25,NEW,OKL,5-2,1,
2026-05-25,SAN,SEA,3-4,1,
2026-05-26,CHA,JAC,4-3,1,
2026-05-26,COL,PHI,2-1,1,
2026-05-26,DAL,POR,4-3,1,
2026-05-26,DEN,SAN1,4-5,1,
2026-05-26,IND,MEM,7-6,1,
2026-05-26,NEW,OKL,6-5,1,
2026-05-26,SAN,SEA,4-3,1,
2026-05-27,CHA,JAC,2-5,1,
2026-05-27,COL,PHI,6-0,1,
2026-05-27,DAL,POR,3-2,1,
2026-05-27,DEN,SAN1,3-10,1,
2026-05-27,IND,MEM,1-14,1,
2026-05-27,NEW,OKL,10-4,1,
2026-05-27,SAN,SEA,2-5,1,
2026-05-29,JAC,IND,1-5,1,
2026-05-29,MEM,DAL,4-3,1,
2026-05-29,NEW,DEN,6-1,1,
2026-05-29,PHI,CHA,2-3,1,
2026-05-29,POR,OKL,5-6,1,
2026-05-29,SAN1,SAN,4-1,1,
2026-05-29,SEA,COL,4-6,1,
2026-05-30,JAC,IND,7-2,1,
2026-05-30,MEM,DAL,3-9,1,
2026-05-30,NEW,DEN,3-8,1,
2026-05-30,PHI,CHA,1-5,1,
2026-05-30,POR,OKL,4-2,1,
2026-05-30,SAN1,SAN,1-4,1,
2026-05-30,SEA,COL,0-1,1,
2026-05-31,JAC,IND,1-6,1,
2026-05-31,MEM,DAL,6-3,1,
2026-05-31,NEW,DEN,2-1,1,
2026-05-31,PHI,CHA,1-0,1,
2026-05-31,POR,OKL,8-5,1,
2026-05-31,SAN1,SAN,3-5,1,
2026-05-31,SEA,COL,4-9,1,
2026-06-02,CHA,PHI,2-6,1,
2026-06-02,COL,SEA,18-9,1,
2026-06-02,DAL,MEM,1-2,1,
2026-06-02,DEN,NEW,6-1,1,
2026-06-02,IND,JAC,4-3,1,
2026-06-02,OKL,POR,1-4,1,
2026-06-02,SAN,SAN1,3-6,1,
2026-06-03,CHA,PHI,4-3,1,
2026-06-03,COL,SEA,4-3,1,
2026-06-03,DAL,MEM,3-2,1,
2026-06-03,DEN,NEW,0-4,1,
2026-06-03,IND,JAC,3-6,1,
2026-06-03,OKL,POR,4-13,1,
2026-06-03,SAN,SAN1,5-7,1,
2026-06-04,CHA,PHI,4-1,1,
2026-06-04,COL,SEA,3-4,1,
2026-06-04,DAL,MEM,1-2,1,
2026-06-04,DEN,NEW,4-7,1,
2026-06-04,IND,JAC,2-1,1,
2026-06-04,OKL,POR,4-2,1,
2026-06-04,SAN,SAN1,4-5,1,
2026-06-06,DEN,SAN,3-1,1,
2026-06-06,JAC,DAL,3-2,1,
2026-06-06,MEM,OKL,5-2,1,
2026-06-06,PHI,IND,11-8,1,
2026-06-06,POR,NEW,0-9,1,
2026-06-06,SAN1,COL,1-6,1,
2026-06-06,SEA,CHA,2-1,1,
2026-06-07,DEN,SAN,4-3,1,
2026-06-07,JAC,DAL,4-7,1,
2026-06-07,MEM,OKL,6-4,1,
2026-06-07,PHI,IND,1-6,1,
2026-06-07,POR,NEW,3-2,1,
2026-06-07,SAN1,COL,1-6,1,
2026-06-07,SEA,CHA,5-3,1,
2026-06-08,DEN,SAN,5-4,1,
2026-06-08,JAC,DAL,3-1,1,
2026-06-08,MEM,OKL,3-2,1,
2026-06-08,PHI,IND,4-7,1,
2026-06-08,POR,NEW,3-4,1,
2026-06-08,SAN1,COL,1-6,1,
2026-06-08,SEA,CHA,4-0,1,
2026-06-10,CHA,SEA,6-3,1,
2026-06-10,COL,SAN1,2-7,1,
2026-06-10,DAL,JAC,2-10,1,
2026-06-10,IND,PHI,3-2,1,
2026-06-10,NEW,POR,1-7,1,
2026-06-10,OKL,MEM,1-11,1,
2026-06-10,SAN,DEN,1-5,1,
2026-06-11,CHA,SEA,6-4,1,
2026-06-11,COL,SAN1,2-1,1,
2026-06-11,DAL,JAC,4-2,1,
2026-06-11,IND,PHI,1-6,1,
2026-06-11,NEW,POR,4-2,1,
2026-06-11,OKL,MEM,11-0,1,
2026-06-11,SAN,DEN,6-2,1,
2026-06-12,CHA,SEA,3-2,1,
2026-06-12,COL,SAN1,4-7,1,
2026-06-12,DAL,JAC,4-3,1,
2026-06-12,IND,PHI,4-3,1,
2026-06-12,NEW,POR,5-3,1,
2026-06-12,OKL,MEM,5-1,1,
2026-06-12,SAN,DEN,4-3,1,
2026-06-14,DEN,COL,13-2,1,
2026-06-14,JAC,OKL,6-4,1,
2026-06-14,MEM,POR,2-4,1,
2026-06-14,NEW,SAN,0-3,1,
2026-06-14,PHI,DAL,8-7,1,
2026-06-14,SAN1,CHA,0-1,1,
2026-06-14,SEA,IND,1-3,1,
2026-06-15,DEN,COL,1-8,1,
2026-06-15,JAC,OKL,5-3,1,
2026-06-15,MEM,POR,8-3,1,
2026-06-15,NEW,SAN,5-2,1,
2026-06-15,PHI,DAL,8-0,1,
2026-06-15,SAN1,CHA,3-7,1,
2026-06-15,SEA,IND,7-2,1,
2026-06-16,DEN,COL,0-3,1,
2026-06-16,JAC,OKL,4-3,1,
2026-06-16,MEM,POR,8-3,1,
2026-06-16,NEW,SAN,6-11,1,
2026-06-16,PHI,DAL,8-6,1,
2026-06-16,SAN1,CHA,1-2,1,
2026-06-16,SEA,IND,7-5,1,
2026-06-18,CHA,SAN1,3-1,1,
2026-06-18,COL,DEN,5-0,1,
2026-06-18,DAL,PHI,7-2,1,
2026-06-18,IND,SEA,2-0,1,
2026-06-18,OKL,JAC,7-2,1,
2026-06-18,POR,MEM,8-2,1,
2026-06-18,SAN,NEW,2-7,1,
2026-06-19,CHA,SAN1,1-0,1,
2026-06-19,COL,DEN,1-4,1,
2026-06-19,DAL,PHI,3-7,1,
2026-06-19,IND,SEA,7-6,1,
2026-06-19,OKL,JAC,7-8,1,
2026-06-19,POR,MEM,9-1,1,
2026-06-19,SAN,NEW,6-4,1,
2026-06-20,CHA,SAN1,4-1,1,
2026-06-20,COL,DEN,3-0,1,
2026-06-20,DAL,PHI,0-8,1,
2026-06-20,IND,SEA,2-5,1,
2026-06-20,OKL,JAC,5-1,1,
2026-06-20,POR,MEM,4-2,1,
2026-06-20,SAN,NEW,3-6,1,
2026-06-22,DEN,CHA,6-8,1,
2026-06-22,JAC,POR,4-0,1,
2026-06-22,MEM,NEW,4-5,1,
2026-06-22,PHI,OKL,6-3,1,
2026-06-22,SAN,COL,3-2,1,
2026-06-22,SAN1,IND,2-5,1,
2026-06-22,SEA,DAL,2-1,1,
2026-06-23,DEN,CHA,9-3,1,
2026-06-23,JAC,POR,2-1,1,
2026-06-23,MEM,NEW,8-4,1,
2026-06-23,PHI,OKL,4-8,1,
2026-06-23,SAN,COL,5-6,1,
2026-06-23,SAN1,IND,2-3,1,
2026-06-23,SEA,DAL,2-6,1,
2026-06-24,DEN,CHA,2-6,1,
2026-06-24,JAC,POR,5-2,1,
2026-06-24,MEM,NEW,3-4,1,
2026-06-24,PHI,OKL,3-4,1,
2026-06-24,SAN,COL,4-7,1,
2026-06-24,SAN1,IND,3-8,1,
2026-06-24,SEA,DAL,3-4,1,
2026-06-26,CHA,DEN,9-4,1,
2026-06-26,COL,SAN,6-3,1,
2026-06-26,DAL,SEA,2-4,1,
2026-06-26,IND,SAN1,9-3,1,
2026-06-26,NEW,MEM,2-4,1,
2026-06-26,OKL,PHI,2-5,1,
2026-06-26,POR,JAC,2-4,1,
2026-06-27,CHA,DEN,2-4,1,
2026-06-27,COL,SAN,1-0,1,
2026-06-27,DAL,SEA,4-8,1,
2026-06-27,IND,SAN1,8-7,1,
2026-06-27,NEW,MEM,5-0,1,
2026-06-27,OKL,PHI,1-6,1,
2026-06-27,POR,JAC,4-1,1,
2026-06-28,CHA,DEN,6-5,1,
2026-06-28,COL,SAN,6-5,1,
2026-06-28,DAL,SEA,5-0,1,
2026-06-28,IND,SAN1,6-3,1,
2026-06-28,NEW,MEM,6-1,1,
2026-06-28,OKL,PHI,5-4,1,
2026-06-28,POR,JAC,9-2,1,
2026-06-30,DEN,IND,0-4,1,
2026-06-30,JAC,MEM,2-9,1,
2026-06-30,NEW,COL,1-2,1,
2026-06-30,PHI,POR,6-3,1,
2026-06-30,SAN,CHA,6-3,1,
2026-06-30,SAN1,DAL,2-8,1,
2026-06-30,SEA,OKL,0-4,1,
2026-07-01,DEN,IND,8-9,1,
2026-07-01,JAC,MEM,0-6,1,
2026-07-01,NEW,COL,10-1,1,
2026-07-01,PHI,POR,2-3,1,
2026-07-01,SAN,CHA,6-8,1,
2026-07-01,SAN1,DAL,4-7,1,
2026-07-01,SEA,OKL,2-1,1,
2026-07-02,DEN,IND,1-2,1,
2026-07-02,JAC,MEM,2-4,1,
2026-07-02,NEW,COL,9-1,1,
2026-07-02,PHI,POR,5-3,1,
2026-07-02,SAN,CHA,7-8,1,
2026-07-02,SAN1,DAL,4-2,1,
2026-07-02,SEA,OKL,6-2,1,
2026-07-04,CHA,SAN,4-8,1,
2026-07-04,COL,NEW,2-0,1,
2026-07-04,DAL,SAN1,4-3,1,
2026-07-04,IND,DEN,0-4,1,
2026-07-04,MEM,JAC,3-6,1,
2026-07-04,OKL,SEA,3-2,1,
2026-07-04,POR,PHI,1-2,1,
2026-07-05,CHA,SAN,4-5,1,
2026-07-05,COL,NEW,3-5,1,
2026-07-05,DAL,SAN1,13-8,1,
2026-07-05,IND,DEN,2-7,1,
2026-07-05,MEM,JAC,5-0,1,
2026-07-05,OKL,SEA,1-3,1,
2026-07-05,POR,PHI,2-5,1,
2026-07-06,CHA,SAN,8-9,1,
2026-07-06,COL,NEW,1-4,1,
2026-07-06,DAL,SAN1,2-4,1,
2026-07-06,IND,DEN,6-8,1,
2026-07-06,MEM,JAC,8-2,1,
2026-07-06,OKL,SEA,1-2,1,
2026-07-06,POR,PHI,0-10,1,
2026-07-08,COL,CHA,5-2,1,
2026-07-08,DEN,DAL,2-5,1,
2026-07-08,JAC,NEW,6-5,1,
2026-07-08,PHI,MEM,4-1,1,
2026-07-08,SAN,IND,5-3,1,
2026-07-08,SAN1,OKL,3-7,1,
2026-07-08,SEA,POR,2-1,1,
2026-07-09,COL,CHA,2-3,1,
2026-07-09,DEN,DAL,2-4,1,
2026-07-09,JAC,NEW,3-1,1,
2026-07-09,PHI,MEM,3-0,1,
2026-07-09,SAN,IND,6-3,1,
2026-07-09,SAN1,OKL,2-4,1,
2026-07-09,SEA,POR,2-7,1,
2026-07-10,COL,CHA,8-0,1,
2026-07-10,DEN,DAL,5-1,1,
2026-07-10,JAC,NEW,0-7,1,
2026-07-10,PHI,MEM,7-3,1,
2026-07-10,SAN,IND,7-8,1,
2026-07-10,SAN1,OKL,0-7,1,
2026-07-10,SEA,POR,4-3,1,
2026-07-12,CHA,COL,6-7,1,
2026-07-12,DAL,DEN,2-3,1,
2026-07-12,IND,SAN,6-5,1,
2026-07-12,MEM,PHI,8-6,1,
2026-07-12,NEW,JAC,5-6,1,
2026-07-12,OKL,SAN1,4-2,1,
2026-07-12,POR,SEA,1-2,1,
2026-07-13,CHA,COL,5-2,1,
2026-07-13,DAL,DEN,6-2,1,
2026-07-13,IND,SAN,4-1,1,
2026-07-13,MEM,PHI,1-7,1,
2026-07-13,NEW,JAC,1-2,1,
2026-07-13,OKL,SAN1,5-3,1,
2026-07-13,POR,SEA,1-4,1,
2026-07-14,CHA,COL,6-3,1,
2026-07-14,DAL,DEN,3-4,1,
2026-07-14,IND,SAN,11-4,1,
2026-07-14,MEM,PHI,1-7,1,
2026-07-14,NEW,JAC,4-5,1,
2026-07-14,OKL,SAN1,5-1,1,
2026-07-14,POR,SEA,1-5,1,
2026-07-22,CHA,NEW,3-5,1,
2026-07-22,DAL,SAN,4-5,1,
2026-07-22,IND,COL,1-6,1,
2026-07-22,JAC,PHI,6-9,1,
2026-07-22,MEM,SEA,4-3,1,
2026-07-22,OKL,DEN,3-5,1,
2026-07-22,POR,SAN1,1-4,1,
2026-07-23,CHA,NEW,4-2,1,
2026-07-23,DAL,SAN,2-6,1,
2026-07-23,IND,COL,4-3,1,
2026-07-23,JAC,PHI,1-4,1,
2026-07-23,MEM,SEA,3-2,1,
2026-07-23,OKL,DEN,5-4,1,
2026-07-23,POR,SAN1,4-3,1,
2026-07-24,CHA,NEW,2-9,1,
2026-07-24,DAL,SAN,4-3,1,
2026-07-24,IND,COL,8-4,1,
2026-07-24,JAC,PHI,4-3,1,
2026-07-24,MEM,SEA,5-3,1,
2026-07-24,OKL,DEN,1-4,1,
2026-07-24,POR,SAN1,1-4,1,
2026-07-26,COL,IND,4-3,1,
2026-07-26,DEN,OKL,5-3,1,
2026-07-26,NEW,CHA,3-6,1,
2026-07-26,PHI,JAC,4-2,1,
2026-07-26,SAN,DAL,6-3,1,
2026-07-26,SAN1,POR,4-5,1,
2026-07-26,SEA,MEM,3-12,1,
2026-07-27,COL,IND,7-8,1,
2026-07-27,DEN,OKL,5-4,1,
2026-07-27,NEW,CHA,3-1,1,
2026-07-27,PHI,JAC,3-6,1,
2026-07-27,SAN,DAL,5-2,1,
2026-07-27,SAN1,POR,1-10,1,
2026-07-27,SEA,MEM,4-3,1,
2026-07-28,COL,IND,4-1,1,
2026-07-28,DEN,OKL,1-3,1,
2026-07-28,NEW,CHA,5-2,1,
2026-07-28,PHI,JAC,4-2,1,
2026-07-28,SAN,DAL,1-7,1,
2026-07-28,SAN1,POR,6-3,1,
2026-07-28,SEA,MEM,2-4,1,
2026-07-30,DAL,COL,8-4,1,
2026-07-30,IND,CHA,5-4,1,
2026-07-30,JAC,SEA,6-4,1,
2026-07-30,MEM,SAN1,3-2,1,
2026-07-30,NEW,PHI,2-6,1,
2026-07-30,OKL,SAN,1-5,1,
2026-07-30,POR,DEN,0-10,1,
2026-07-31,DAL,COL,0-6,1,
2026-07-31,IND,CHA,1-8,1,
2026-07-31,JAC,SEA,2-5,1,
2026-07-31,MEM,SAN1,3-2,1,
2026-07-31,NEW,PHI,6-2,1,
2026-07-31,OKL,SAN,2-7,1,
2026-07-31,POR,DEN,5-4,1,
2026-08-01,DAL,COL,2-3,1,
2026-08-01,IND,CHA,2-3,1,
2026-08-01,JAC,SEA,2-1,1,
2026-08-01,MEM,SAN1,7-10,1,
2026-08-01,NEW,PHI,0-6,1,
2026-08-01,OKL,SAN,0-7,1,
2026-08-01,POR,DEN,3-2,1,
2026-08-03,CHA,IND,1-7,1,
2026-08-03,COL,DAL,1-3,1,
2026-08-03,DEN,POR,6-7,1,
2026-08-03,PHI,NEW,6-7,1,
2026-08-03,SAN,OKL,1-4,1,
2026-08-03,SAN1,MEM,10-3,1,
2026-08-03,SEA,JAC,1-8,1,
2026-08-04,CHA,IND,9-2,1,
2026-08-04,COL,DAL,3-5,1,
2026-08-04,DEN,POR,1-4,1,
2026-08-04,PHI,NEW,6-5,1,
2026-08-04,SAN,OKL,3-2,1,
2026-08-04,SAN1,MEM,1-0,1,
2026-08-04,SEA,JAC,3-2,1,
2026-08-05,CHA,IND,5-4,1,
2026-08-05,COL,DAL,2-5,1,
2026-08-05,DEN,POR,8-5,1,
2026-08-05,PHI,NEW,2-3,1,
2026-08-05,SAN,OKL,0-5,1,
2026-08-05,SAN1,MEM,3-1,1,
2026-08-05,SEA,JAC,9-10,1,
2026-08-07,DAL,CHA,3-0,1,
2026-08-07,IND,NEW,7-6,1,
2026-08-07,JAC,SAN1,3-7,1,
2026-08-07,MEM,DEN,6-7,1,
2026-08-07,OKL,COL,5-4,1,
2026-08-07,PHI,SEA,8-2,1,
2026-08-07,POR,SAN,2-8,1,
2026-08-08,DAL,CHA,7-2,1,
2026-08-08,IND,NEW,1-4,1,
2026-08-08,JAC,SAN1,6-3,1,
2026-08-08,MEM,DEN,0-5,1,
2026-08-08,OKL,COL,8-9,1,
2026-08-08,PHI,SEA,9-3,1,
2026-08-08,POR,SAN,9-8,1,
2026-08-09,DAL,CHA,2-5,1,
2026-08-09,IND,NEW,6-1,1,
2026-08-09,JAC,SAN1,1-5,1,
2026-08-09,MEM,DEN,1-4,1,
2026-08-09,OKL,COL,2-0,1,
2026-08-09,PHI,SEA,4-7,1,
2026-08-09,POR,SAN,3-8,1,
2026-08-11,CHA,DAL,3-2,1,
2026-08-11,COL,OKL,5-3,1,
2026-08-11,DEN,MEM,3-5,1,
2026-08-11,NEW,IND,3-10,1,
2026-08-11,SAN,POR,5-2,1,
2026-08-11,SAN1,JAC,0-2,1,
2026-08-11,SEA,PHI,1-0,1,
2026-08-12,CHA,DAL,7-3,1,
2026-08-12,COL,OKL,6-5,1,
2026-08-12,DEN,MEM,3-4,1,
2026-08-12,NEW,IND,7-2,1,
2026-08-12,SAN,POR,5-7,1,
2026-08-12,SAN1,JAC,2-12,1,
2026-08-12,SEA,PHI,2-3,1,
2026-08-13,CHA,DAL,6-5,1,
2026-08-13,COL,OKL,5-9,1,
2026-08-13,DEN,MEM,2-5,1,
2026-08-13,NEW,IND,4-3,1,
2026-08-13,SAN,POR,5-4,1,
2026-08-13,SAN1,JAC,5-9,1,
2026-08-13,SEA,PHI,2-6,1,
2026-08-15,DAL,IND,5-8,1,
2026-08-15,JAC,DEN,6-7,1,
2026-08-15,MEM,SAN,6-5,1,
2026-08-15,NEW,SEA,7-9,1,
2026-08-15,OKL,CHA,7-3,1,
2026-08-15,PHI,SAN1,4-6,1,
2026-08-15,POR,COL,6-3,1,
2026-08-16,DAL,IND,4-6,1,
2026-08-16,JAC,DEN,0-3,1,
2026-08-16,MEM,SAN,5-3,1,
2026-08-16,NEW,SEA,4-1,1,
2026-08-16,OKL,CHA,7-0,1,
2026-08-16,PHI,SAN1,1-3,1,
2026-08-16,POR,COL,6-7,1,
2026-08-17,DAL,IND,2-4,1,
2026-08-17,JAC,DEN,3-1,1,
2026-08-17,MEM,SAN,0-5,1,
2026-08-17,NEW,SEA,7-2,1,
2026-08-17,OKL,CHA,3-2,1,
2026-08-17,PHI,SAN1,2-3,1,
2026-08-17,POR,COL,7-3,1,
2026-08-19,CHA,OKL,2-4,1,
2026-08-19,COL,POR,4-1,1,
2026-08-19,DEN,JAC,5-1,1,
2026-08-19,IND,DAL,5-2,1,
2026-08-19,SAN,MEM,1-0,1,
2026-08-19,SAN1,PHI,2-7,1,
2026-08-19,SEA,NEW,7-5,1,
2026-08-20,CHA,OKL,3-7,1,
2026-08-20,COL,POR,8-3,1,
2026-08-20,DEN,JAC,5-6,1,
2026-08-20,IND,DAL,3-1,1,
2026-08-20,SAN,MEM,5-9,1,
2026-08-20,SAN1,PHI,2-4,1,
2026-08-20,SEA,NEW,3-5,1,
2026-08-21,CHA,OKL,2-10,1,
2026-08-21,COL,POR,7-3,1,
2026-08-21,DEN,JAC,2-5,1,
2026-08-21,IND,DAL,4-5,1,
2026-08-21,SAN,MEM,1-4,1,
2026-08-21,SAN1,PHI,0-3,1,
2026-08-21,SEA,NEW,1-0,1,
2026-08-23,DAL,NEW,1-5,1,
2026-08-23,JAC,SAN,6-5,1,
2026-08-23,MEM,COL,7-5,1,
2026-08-23,OKL,IND,3-6,1,
2026-08-23,PHI,DEN,2-3,1,
2026-08-23,POR,CHA,10-5,1,
2026-08-23,SEA,SAN1,9-12,1,
2026-08-24,DAL,NEW,2-4,1,
2026-08-24,JAC,SAN,2-1,1,
2026-08-24,MEM,COL,9-5,1,
2026-08-24,OKL,IND,4-3,1,
2026-08-24,PHI,DEN,5-7,1,
2026-08-24,POR,CHA,2-10,1,
2026-08-24,SEA,SAN1,2-4,1,
2026-08-25,DAL,NEW,4-3,1,
2026-08-25,JAC,SAN,1-3,1,
2026-08-25,MEM,COL,1-3,1,
2026-08-25,OKL,IND,4-2,1,
2026-08-25,PHI,DEN,5-3,1,
2026-08-25,POR,CHA,3-4,1,
2026-08-25,SEA,SAN1,1-4,1,
2026-08-27,CHA,POR,2-1,1,
2026-08-27,COL,MEM,3-1,1,
2026-08-27,DEN,PHI,3-6,1,
2026-08-27,IND,OKL,4-1,1,
2026-08-27,NEW,DAL,4-2,1,
2026-08-27,SAN,JAC,2-4,1,
2026-08-27,SAN1,SEA,2-5,1,
2026-08-28,CHA,POR,1-2,1,
2026-08-28,COL,MEM,6-5,1,
2026-08-28,DEN,PHI,4-5,1,
2026-08-28,IND,OKL,4-8,1,
2026-08-28,NEW,DAL,6-0,1,
2026-08-28,SAN,JAC,5-1,1,
2026-08-28,SAN1,SEA,3-7,1,
2026-08-29,CHA,POR,8-0,1,
2026-08-29,COL,MEM,6-0,1,
2026-08-29,DEN,PHI,7-4,1,
2026-08-29,IND,OKL,4-1,1,
2026-08-29,NEW,DAL,5-4,1,
2026-08-29,SAN,JAC,0-3,1,
2026-08-29,SAN1,SEA,4-3,1,
2026-08-31,JAC,COL,4-3,1,
2026-08-31,MEM,CHA,0-1,1,
2026-08-31,NEW,SAN1,11-2,1,
2026-08-31,OKL,DAL,5-9,1,
2026-08-31,PHI,SAN,2-3,1,
2026-08-31,POR,IND,8-2,1,
2026-08-31,SEA,DEN,5-0,1,
2026-09-01,JAC,COL,5-6,1,
2026-09-01,MEM,CHA,4-6,1,
2026-09-01,NEW,SAN1,0-4,1,
2026-09-01,OKL,DAL,0-2,1,
2026-09-01,PHI,SAN,2-1,1,
2026-09-01,POR,IND,6-4,1,
2026-09-01,SEA,DEN,4-7,1,
2026-09-02,JAC,COL,11-4,1,
2026-09-02,MEM,CHA,3-10,1,
2026-09-02,NEW,SAN1,3-8,1,
2026-09-02,OKL,DAL,3-2,1,
2026-09-02,PHI,SAN,9-0,1,
2026-09-02,POR,IND,3-6,1,
2026-09-02,SEA,DEN,7-6,1,
2026-09-04,CHA,MEM,1-2,1,
2026-09-04,COL,JAC,2-7,1,
2026-09-04,DAL,OKL,4-3,1,
2026-09-04,DEN,SEA,4-5,1,
2026-09-04,IND,POR,6-4,1,
2026-09-04,SAN,PHI,3-1,1,
2026-09-04,SAN1,NEW,0-2,1,
2026-09-05,CHA,MEM,3-6,1,
2026-09-05,COL,JAC,3-2,1,
2026-09-05,DAL,OKL,1-6,1,
2026-09-05,DEN,SEA,3-1,1,
2026-09-05,IND,POR,8-10,1,
2026-09-05,SAN,PHI,4-3,1,
2026-09-05,SAN1,NEW,5-0,1,
2026-09-06,CHA,MEM,7-9,1,
2026-09-06,COL,JAC,5-3,1,
2026-09-06,DAL,OKL,4-6,1,
2026-09-06,DEN,SEA,5-4,1,
2026-09-06,IND,POR,1-4,1,
2026-09-06,SAN,PHI,2-8,1,
2026-09-06,SAN1,NEW,5-7,1,
2026-09-08,JAC,CHA,4-5,1,
2026-09-08,MEM,IND,3-7,1,
2026-09-08,OKL,NEW,4-8,1,
2026-09-08,PHI,COL,5-4,1,
2026-09-08,POR,DAL,8-7,1,
2026-09-08,SAN1,DEN,1-4,1,
2026-09-08,SEA,SAN,2-1,1,
2026-09-09,JAC,CHA,15-4,1,
2026-09-09,MEM,IND,9-11,1,
2026-09-09,OKL,NEW,6-5,1,
2026-09-09,PHI,COL,2-0,1,
2026-09-09,POR,DAL,3-2,1,
2026-09-09,SAN1,DEN,2-1,1,
2026-09-09,SEA,SAN,5-3,1,
2026-09-10,JAC,CHA,5-2,1,
2026-09-10,MEM,IND,7-3,1,
2026-09-10,OKL,NEW,6-2,1,
2026-09-10,PHI,COL,2-3,1,
2026-09-10,POR,DAL,2-1,1,
2026-09-10,SAN1,DEN,1-8,1,
2026-09-10,SEA,SAN,4-3,1,
2026-09-12,CHA,JAC,2-1,1,
2026-09-12,COL,PHI,2-4,1,
2026-09-12,DAL,POR,0-2,1,
2026-09-12,DEN,SAN1,2-4,1,
2026-09-12,IND,MEM,4-1,1,
2026-09-12,NEW,OKL,4-3,1,
2026-09-12,SAN,SEA,3-6,1,
2026-09-13,CHA,JAC,6-1,1,
2026-09-13,COL,PHI,2-3,1,
2026-09-13,DAL,POR,3-2,1,
2026-09-13,DEN,SAN1,0-4,1,
2026-09-13,IND,MEM,6-7,1,
2026-09-13,NEW,OKL,5-4,1,
2026-09-13,SAN,SEA,0-8,1,
2026-09-14,CHA,JAC,3-4,1,
2026-09-14,COL,PHI,5-2,1,
2026-09-14,DAL,POR,4-5,1,
2026-09-14,DEN,SAN1,1-2,1,
2026-09-14,IND,MEM,5-2,1,
2026-09-14,NEW,OKL,2-1,1,
2026-09-14,SAN,SEA,1-3,1,
2026-09-16,JAC,IND,6-5,1,
2026-09-16,MEM,DAL,4-3,1,
2026-09-16,NEW,DEN,4-7,1,
2026-09-16,PHI,CHA,3-0,1,
2026-09-16,POR,OKL,0-2,1,
2026-09-16,SAN1,SAN,0-2,1,
2026-09-16,SEA,COL,1-4,1,
2026-09-17,JAC,IND,2-3,1,
2026-09-17,MEM,DAL,3-4,1,
2026-09-17,NEW,DEN,0-7,1,
2026-09-17,PHI,CHA,9-2,1,
2026-09-17,POR,OKL,3-9,1,
2026-09-17,SAN1,SAN,2-5,1,
2026-09-17,SEA,COL,5-2,1,
2026-09-18,JAC,IND,4-8,1,
2026-09-18,MEM,DAL,2-5,1,
2026-09-18,NEW,DEN,3-4,1,
2026-09-18,PHI,CHA,5-1,1,
2026-09-18,POR,OKL,3-5,1,
2026-09-18,SAN1,SAN,3-2,1,
2026-09-18,SEA,COL,3-2,1,
2026-09-20,CHA,PHI,6-1,1,
2026-09-20,COL,SEA,7-1,1,
2026-09-20,DAL,MEM,4-7,1,
2026-09-20,DEN,NEW,2-5,1,
2026-09-20,IND,JAC,5-0,1,
2026-09-20,OKL,POR,6-5,1,
2026-09-20,SAN,SAN1,4-9,1,
2026-09-21,CHA,PHI,0-6,1,
2026-09-21,COL,SEA,7-6,1,
2026-09-21,DAL,MEM,7-5,1,
2026-09-21,DEN,NEW,5-1,1,
2026-09-21,IND,JAC,6-2,1,
2026-09-21,OKL,POR,5-10,1,
2026-09-21,SAN,SAN1,3-4,1,
2026-09-22,CHA,PHI,7-5,1,
2026-09-22,COL,SEA,8-6,1,
2026-09-22,DAL,MEM,7-6,1,
2026-09-22,DEN,NEW,4-1,1,
2026-09-22,IND,JAC,1-0,1,
2026-09-22,OKL,POR,1-7,1,
2026-09-22,SAN,SAN1,2-3,1,
2026-09-24,DEN,SAN,2-3,1,
2026-09-24,JAC,DAL,10-1,1,
2026-09-24,MEM,OKL,5-3,1,
2026-09-24,PHI,IND,2-7,1,
2026-09-24,POR,NEW,2-4,1,
2026-09-24,SAN1,COL,2-7,1,
2026-09-24,SEA,CHA,7-5,1,
2026-09-25,DEN,SAN,1-2,1,
2026-09-25,JAC,DAL,4-6,1,
2026-09-25,MEM,OKL,2-3,1,
2026-09-25,PHI,IND,2-3,1,
2026-09-25,POR,NEW,10-8,1,
2026-09-25,SAN1,COL,7-6,1,
2026-09-25,SEA,CHA,4-7,1,
2026-09-26,DEN,SAN,4-2,1,
2026-09-26,JAC,DAL,1-7,1,
2026-09-26,MEM,OKL,3-0,1,
2026-09-26,PHI,IND,4-6,1,
2026-09-26,POR,NEW,4-2,1,
2026-09-26,SAN1,COL,1-3,1,
2026-09-26,SEA,CHA,4-3,1,
2026-09-28,CHA,SEA,9-6,1,
2026-09-28,COL,SAN1,3-2,1,
2026-09-28,DAL,JAC,1-0,1,
2026-09-28,IND,PHI,1-5,1,
2026-09-28,NEW,POR,3-7,1,
2026-09-28,OKL,MEM,6-3,1,
2026-09-28,SAN,DEN,4-7,1,
2026-09-29,CHA,SEA,0-2,1,
2026-09-29,COL,SAN1,7-9,1,
2026-09-29,DAL,JAC,3-2,1,
2026-09-29,IND,PHI,6-4,1,
2026-09-29,NEW,POR,5-4,1,
2026-09-29,OKL,MEM,4-5,1,
2026-09-29,SAN,DEN,2-13,1,
2026-09-30,CHA,SEA,2-3,1,
2026-09-30,COL,SAN1,0-4,1,
2026-09-30,DAL,JAC,0-6,1,
2026-09-30,IND,PHI,3-2,1,
2026-09-30,NEW,POR,7-5,1,
2026-09-30,OKL,MEM,5-3,1,
2026-09-30,SAN,DEN,2-4,1,
2026-10-02,DEN,COL,8-4,1,
2026-10-02,JAC,OKL,4-5,1,
2026-10-02,MEM,POR,1-0,1,
2026-10-02,NEW,SAN,6-0,1,
2026-10-02,PHI,DAL,0-4,1,
2026-10-02,SAN1,CHA,5-4,1,
2026-10-02,SEA,IND,1-3,1,
2026-10-03,DEN,COL,1-7,1,
2026-10-03,JAC,OKL,5-6,1,
2026-10-03,MEM,POR,3-4,1,
2026-10-03,NEW,SAN,7-1,1,
2026-10-03,PHI,DAL,9-8,1,
2026-10-03,SAN1,CHA,10-2,1,
2026-10-03,SEA,IND,7-1,1,
2026-10-04,DEN,COL,7-1,1,
2026-10-04,JAC,OKL,1-8,1,
2026-10-04,MEM,POR,5-7,1,
2026-10-04,NEW,SAN,5-3,1,
2026-10-04,PHI,DAL,6-1,1,
2026-10-04,SAN1,CHA,3-2,1,
2026-10-04,SEA,IND,7-4,1,
2026-10-06,CHA,SAN1,4-6,1,
2026-10-06,COL,DEN,5-6,1,
2026-10-06,DAL,PHI,6-12,1,
2026-10-06,IND,SEA,3-2,1,
2026-10-06,OKL,JAC,6-1,1,
2026-10-06,POR,MEM,5-2,1,
2026-10-06,SAN,NEW,3-1,1,
2026-10-07,CHA,SAN1,3-2,1,
2026-10-07,COL,DEN,7-6,1,
2026-10-07,DAL,PHI,6-5,1,
2026-10-07,IND,SEA,2-1,1,
2026-10-07,OKL,JAC,3-7,1,
2026-10-07,POR,MEM,6-2,1,
2026-10-07,SAN,NEW,8-11,1,
2026-10-08,CHA,SAN1,4-1,1,
2026-10-08,COL,DEN,9-4,1,
2026-10-08,DAL,PHI,9-0,1,
2026-10-08,IND,SEA,4-6,1,
2026-10-08,OKL,JAC,6-2,1,
2026-10-08,POR,MEM,5-1,1,
2026-10-08,SAN,NEW,2-1,1,
2026-10-10,DEN,CHA,8-2,1,
2026-10-10,JAC,POR,4-9,1,
2026-10-10,MEM,NEW,1-2,1,
2026-10-10,PHI,OKL,3-2,1,
2026-10-10,SAN,COL,0-8,1,
2026-10-10,SAN1,IND,3-5,1,
2026-10-10,SEA,DAL,2-1,1,
2026-10-11,DEN,CHA,1-6,1,
2026-10-11,JAC,POR,2-3,1,
2026-10-11,MEM,NEW,6-5,1,
2026-10-11,PHI,OKL,8-2,1,
2026-10-11,SAN,COL,6-2,1,
2026-10-11,SAN1,IND,1-6,1,
2026-10-11,SEA,DAL,3-5,1,
2026-10-12,DEN,CHA,2-3,1,
2026-10-12,JAC,POR,1-3,1,
2026-10-12,MEM,NEW,5-3,1,
2026-10-12,PHI,OKL,4-3,1,
2026-10-12,SAN,COL,1-2,1,
2026-10-12,SAN1,IND,1-7,1,
2026-10-12,SEA,DAL,3-14,1,
2026-10-14,CHA,DEN,2-3,1,
2026-10-14,COL,SAN,7-5,1,
2026-10-14,DAL,SEA,1-2,1,
2026-10-14,IND,SAN1,6-0,1,
2026-10-14,NEW,MEM,0-8,1,
2026-10-14,OKL,PHI,1-0,1,
2026-10-14,POR,JAC,5-4,1,
2026-10-15,CHA,DEN,2-5,1,
2026-10-15,COL,SAN,3-4,1,
2026-10-15,DAL,SEA,1-7,1,
2026-10-15,IND,SAN1,2-4,1,
2026-10-15,NEW,MEM,0-4,1,
2026-10-15,OKL,PHI,6-4,1,
2026-10-15,POR,JAC,2-3,1,
2026-10-16,CHA,DEN,4-6,1,
2026-10-16,COL,SAN,6-0,1,
2026-10-16,DAL,SEA,4-2,1,
2026-10-16,IND,SAN1,7-8,1,
2026-10-16,NEW,MEM,6-5,1,
2026-10-16,OKL,PHI,2-9,1,
2026-10-16,POR,JAC,2-4,1,
2026-10-18,DEN,IND,3-1,1,
2026-10-18,JAC,MEM,0-4,1,
2026-10-18,NEW,COL,3-4,1,
2026-10-18,PHI,POR,3-2,1,
2026-10-18,SAN,CHA,2-4,1,
2026-10-18,SAN1,DAL,5-4,1,
2026-10-18,SEA,OKL,4-5,1,
2026-10-19,DEN,IND,0-8,1,
2026-10-19,JAC,MEM,9-4,1,
2026-10-19,NEW,COL,4-6,1,
2026-10-19,PHI,POR,0-2,1,
2026-10-19,SAN,CHA,2-1,1,
2026-10-19,SAN1,DAL,3-2,1,
2026-10-19,SEA,OKL,3-6,1,
2026-10-20,DEN,IND,7-3,1,
2026-10-20,JAC,MEM,5-4,1,
2026-10-20,NEW,COL,5-7,1,
2026-10-20,PHI,POR,9-0,1,
2026-10-20,SAN,CHA,7-3,1,
2026-10-20,SAN1,DAL,4-2,1,
2026-10-20,SEA,OKL,1-4,1,
2026-10-22,CHA,SAN,5-3,1,
2026-10-22,COL,NEW,0-3,1,
2026-10-22,DAL,SAN1,3-4,1,
2026-10-22,IND,DEN,5-9,1,
2026-10-22,MEM,JAC,5-1,1,
2026-10-22,OKL,SEA,8-3,1,
2026-10-22,POR,PHI,6-4,1,
2026-10-23,CHA,SAN,5-1,1,
2026-10-23,COL,NEW,5-4,1,
2026-10-23,DAL,SAN1,3-8,1,
2026-10-23,IND,DEN,1-3,1,
2026-10-23,MEM,JAC,2-0,1,
2026-10-23,OKL,SEA,1-3,1,
2026-10-23,POR,PHI,3-4,1,
2026-10-24,CHA,SAN,10-1,1,
2026-10-24,COL,NEW,6-4,1,
2026-10-24,DAL,SAN1,4-12,1,
2026-10-24,IND,DEN,1-0,1,
2026-10-24,MEM,JAC,6-4,1,
2026-10-24,OKL,SEA,4-7,1,
2026-10-24,POR,PHI,4-3,1,
2026-10-26,COL,CHA,6-4,1,
2026-10-26,DEN,DAL,7-3,1,
2026-10-26,JAC,NEW,6-5,1,
2026-10-26,PHI,MEM,5-6,1,
2026-10-26,SAN,IND,7-3,1,
2026-10-26,SAN1,OKL,0-5,1,
2026-10-26,SEA,POR,6-8,1,
2026-10-27,COL,CHA,7-6,1,
2026-10-27,DEN,DAL,5-3,1,
2026-10-27,JAC,NEW,3-6,1,
2026-10-27,PHI,MEM,5-7,1,
2026-10-27,SAN,IND,0-3,1,
2026-10-27,SAN1,OKL,1-6,1,
2026-10-27,SEA,POR,2-4,1,
2026-10-28,COL,CHA,3-7,1,
2026-10-28,DEN,DAL,1-3,1,
2026-10-28,JAC,NEW,0-6,1,
2026-10-28,PHI,MEM,3-4,1,
2026-10-28,SAN,IND,4-0,1,
2026-10-28,SAN1,OKL,5-3,1,
2026-10-28,SEA,POR,6-9,1,
2026-10-30,CHA,COL,3-5,1,
2026-10-30,DAL,DEN,8-3,1,
2026-10-30,IND,SAN,4-5,1,
2026-10-30,MEM,PHI,3-4,1,
2026-10-30,NEW,JAC,5-3,1,
2026-10-30,OKL,SAN1,0-14,1,
2026-10-30,POR,SEA,1-4,1,
2026-10-31,CHA,COL,2-6,1,
2026-10-31,DAL,DEN,1-6,1,
2026-10-31,IND,SAN,0-1,1,
2026-10-31,MEM,PHI,3-6,1,
2026-10-31,NEW,JAC,5-2,1,
2026-10-31,OKL,SAN1,2-1,1,
2026-10-31,POR,SEA,11-9,1,
2026-11-01,CHA,COL,3-0,1,
2026-11-01,DAL,DEN,6-4,1,
2026-11-01,IND,SAN,3-6,1,
2026-11-01,MEM,PHI,8-5,1,
2026-11-01,NEW,JAC,3-4,1,
2026-11-01,OKL,SAN1,5-4,1,
2026-11-01,POR,SEA,7-6,1,
2026-11-03,CHA,NEW,4-3,1,
2026-11-03,DAL,SAN,12-7,1,
2026-11-03,IND,COL,1-4,1,
2026-11-03,JAC,PHI,4-2,1,
2026-11-03,MEM,SEA,5-4,1,
2026-11-03,OKL,DEN,6-2,1,
2026-11-03,POR,SAN1,6-5,1,
2026-11-04,CHA,NEW,6-8,1,
2026-11-04,DAL,SAN,5-4,1,
2026-11-04,IND,COL,2-6,1,
2026-11-04,JAC,PHI,3-4,1,
2026-11-04,MEM,SEA,1-0,1,
2026-11-04,OKL,DEN,7-2,1,
2026-11-04,POR,SAN1,7-0,1,
2026-11-05,CHA,NEW,5-11,1,
2026-11-05,DAL,SAN,2-3,1,
2026-11-05,IND,COL,7-6,1,
2026-11-05,JAC,PHI,4-9,1,
2026-11-05,MEM,SEA,5-4,1,
2026-11-05,OKL,DEN,6-5,1,
2026-11-05,POR,SAN1,6-3,1,
