Custom batter decision summary (stochastic 200 games)
pitches: 39036
swing_rate: 0.523722
swing_contact_rate: 0.740168
contact_rate: 0.387642
ball_in_play_rate: 0.265473
strikeout_rate_pa: 0.108812
walk_rate_pa: 0.051296
zone_swing_rate: 0.599545
chase_rate: 0.492300