Batter decision summary (stochastic sample)

pitches: 50910.000000
swing_rate: 0.441996
take_rate: 0.558004
ball_rate: 0.333707
called_strike_rate: 0.224298
swing_contact_rate: 0.520532
ball_in_play_rate: 0.214005